# Others ndvi_mean_0 ndvi_mean_1 ndvi_mean_2 ndvi_mean_3 ndvi_mean_4 ndvi_mean_5 ndvi_mean_6 ndvi_mean_7 ndvi_mean_8 ndvi_mean_9 ndvi_mean_10 ndvi_mean_11
1.000000 0.226358 0.196313 0.247181 0.435405 0.429514 0.536879 0.601560 0.645505 0.525935 0.455617 0.346875 0.290525
1.000000 0.292716 0.309187 0.476221 0.630600 0.710649 0.609778 0.608809 0.505193 0.447125 0.438314 0.519463 0.312561
1.000000 0.295880 0.252223 0.287236 0.464319 0.747013 0.834979 0.801860 0.768403 0.659018 0.614984 0.545810 0.447766
1.000000 0.267945 0.259177 0.347862 0.552822 0.588367 0.626774 0.690087 0.696918 0.702761 0.557655 0.434240 0.363308
1.000000 0.254632 0.251800 0.277550 0.353840 0.478289 0.532266 0.753860 0.701274 0.641502 0.528445 0.373108 0.294864
1.000000 0.310658 0.267413 0.263762 0.317763 0.698943 0.791921 0.762017 0.616183 0.455564 0.419902 0.347233 0.283113
1.000000 0.265964 0.233640 0.177750 0.227641 0.390142 0.597678 0.696981 0.736265 0.565979 0.478890 0.318529 0.305396
1.000000 0.290879 0.240850 0.232223 0.435305 0.692966 0.683604 0.777592 0.746157 0.660628 0.579928 0.461102 0.371078
1.000000 0.203420 0.198214 0.259950 0.333476 0.731693 0.720789 0.795608 0.762559 0.710827 0.725086 0.610482 0.500146
1.000000 0.252387 0.236599 0.275839 0.351285 0.571040 0.677183 0.725133 0.595434 0.525394 0.531509 0.469930 0.409491
1.000000 0.326928 0.275831 0.247446 0.453707 0.605849 0.678234 0.746553 0.777180 0.589643 0.520292 0.457111 0.357599
1.000000 0.241561 0.269704 0.290753 0.405094 0.650098 0.856589 0.582638 0.588645 0.691476 0.617030 0.466383 0.381953
1.000000 0.234618 0.215245 0.216084 0.647483 0.806540 0.709381 0.769130 0.701451 0.607434 0.414258 0.476307 0.449433
1.000000 0.233078 0.291537 0.339879 0.690744 0.711623 0.695450 0.740621 0.808671 0.772590 0.669045 0.582928 0.363666
1.000000 0.315037 0.302631 0.345038 0.648332 0.691423 0.684850 0.695527 0.760996 0.716308 0.670806 0.647538 0.445527
1.000000 0.259316 0.222644 0.268305 0.320654 0.783355 0.698626 0.811884 0.781703 0.645155 0.651890 0.536512 0.413402
1.000000 0.204850 0.201127 0.247209 0.655781 0.580302 0.540438 0.602171 0.702125 0.685354 0.584870 0.480008 0.338979
1.000000 0.228406 0.221884 0.295696 0.637652 0.683962 0.588965 0.695583 0.764253 0.761978 0.694426 0.544326 0.385325
1.000000 0.310829 0.301340 0.428980 0.712967 0.736085 0.620233 0.677985 0.685294 0.674728 0.638456 0.585326 0.590320
1.000000 0.394141 0.313102 0.472271 0.311700 0.717238 0.678609 0.734947 0.716405 0.690794 0.645822 0.597761 0.573012
1.000000 0.345123 0.299844 0.494953 0.533201 0.798339 0.731965 0.855492 0.830423 0.785625 0.769615 0.638749 0.543418
1.000000 0.234754 0.210279 0.357885 0.641586 0.786776 0.698726 0.773106 0.839413 0.836669 0.849305 0.766367 0.706181
1.000000 0.382038 0.308734 0.494349 0.750304 0.739209 0.684757 0.730834 0.710098 0.686175 0.629979 0.598284 0.577267
1.000000 0.364362 0.313019 0.389819 0.329892 0.537453 0.590432 0.722582 0.704948 0.622924 0.644681 0.729569 0.677370
1.000000 0.262630 0.294731 0.526146 0.653410 0.749248 0.681724 0.570080 0.638060 0.645377 0.608756 0.608883 0.464071
1.000000 0.482700 0.306751 0.386839 0.665423 0.783186 0.740846 0.671109 0.704391 0.697926 0.645609 0.616611 0.504445
1.000000 0.503040 0.309402 0.362300 0.731456 0.771913 0.697491 0.650949 0.702904 0.664791 0.603386 0.582332 0.462178
1.000000 0.225102 0.315680 0.498331 0.733369 0.778310 0.604687 0.509768 0.667948 0.692548 0.663789 0.619999 0.551640
1.000000 0.489823 0.340884 0.350394 0.729367 0.804118 0.772618 0.687890 0.741342 0.721353 0.644775 0.634552 0.551820
1.000000 0.264616 0.381581 0.471581 0.684768 0.760936 0.550362 0.475914 0.621575 0.651655 0.646304 0.608204 0.552734
1.000000 0.228041 0.280155 0.260229 0.562100 0.815161 0.633863 0.461117 0.543599 0.662800 0.599650 0.450881 0.296845
1.000000 0.205668 0.227204 0.221057 0.485217 0.678230 0.515336 0.646686 0.645844 0.571659 0.648039 0.610290 0.562523
1.000000 0.244354 0.258626 0.239476 0.487533 0.713529 0.606531 0.612401 0.607917 0.623390 0.630778 0.585817 0.531654
1.000000 0.231529 0.226996 0.503761 0.423249 0.640467 0.534369 0.580692 0.687644 0.704509 0.738124 0.496060 0.255326
1.000000 0.205111 0.217066 0.210395 0.461710 0.489545 0.656212 0.701266 0.463900 0.381690 0.433315 0.460510 0.436932
1.000000 0.222660 0.218916 0.288830 0.584049 0.692737 0.694369 0.588984 0.574235 0.665000 0.657002 0.547246 0.267576
1.000000 0.377570 0.369033 0.317600 0.309296 0.497904 0.778996 0.697225 0.560538 0.570318 0.489288 0.584066 0.548418
1.000000 0.515782 0.302598 0.380599 0.617368 0.683765 0.838535 0.795735 0.677351 0.677014 0.584379 0.581794 0.534496
1.000000 0.606907 0.644282 0.444667 0.546587 0.661429 0.712717 0.571827 0.508730 0.573292 0.478537 0.493600 0.411051
1.000000 0.413976 0.439837 0.466053 0.550476 0.719499 0.776896 0.729247 0.675784 0.632566 0.471363 0.549807 0.526157
1.000000 0.488310 0.422924 0.295414 0.427467 0.682982 0.812886 0.668363 0.578080 0.666329 0.599537 0.633705 0.557540
1.000000 0.407751 0.407263 0.318534 0.304705 0.656598 0.799475 0.702669 0.614527 0.625418 0.550311 0.524279 0.497522
1.000000 0.346966 0.281697 0.263009 0.456511 0.672833 0.788144 0.697638 0.555892 0.568452 0.615987 0.631375 0.550486
1.000000 0.271966 0.313096 0.414252 0.718922 0.640220 0.497571 0.451066 0.509391 0.510011 0.437186 0.476025 0.412890
1.000000 0.376736 0.320724 0.424142 0.716365 0.762669 0.676234 0.541023 0.634164 0.655063 0.653824 0.585747 0.525504
1.000000 0.190665 0.219443 0.266881 0.391463 0.650158 0.528706 0.429335 0.456590 0.511263 0.478233 0.537580 0.477280
1.000000 0.603165 0.685488 0.472953 0.400714 0.701683 0.780982 0.613903 0.469566 0.485211 0.508012 0.534475 0.496632
1.000000 0.538348 0.666155 0.497766 0.609368 0.617336 0.503451 0.446447 0.539855 0.610846 0.512272 0.398152 0.386351
1.000000 0.193625 0.204078 0.245074 0.408772 0.619092 0.616080 0.556424 0.547028 0.582810 0.624094 0.593444 0.555589
1.000000 0.368857 0.353287 0.486854 0.666434 0.750067 0.602252 0.673533 0.693283 0.680714 0.650946 0.594391 0.599544
1.000000 0.287701 0.242417 0.332875 0.303090 0.562310 0.570070 0.824605 0.591570 0.463906 0.507536 0.563705 0.521471
1.000000 0.368456 0.308221 0.243655 0.443334 0.558526 0.580257 0.664274 0.613261 0.446079 0.453651 0.422698 0.387662
1.000000 0.270070 0.192868 0.181341 0.198181 0.396734 0.573331 0.646192 0.627174 0.445005 0.463058 0.452850 0.374837
1.000000 0.460640 0.424938 0.298502 0.452203 0.540943 0.518272 0.592587 0.627010 0.619146 0.588628 0.536642 0.496124
1.000000 0.472176 0.383919 0.244173 0.390704 0.618559 0.630464 0.682975 0.639718 0.463942 0.455329 0.476426 0.518702
1.000000 0.489375 0.434614 0.320966 0.514605 0.545321 0.508764 0.652694 0.650997 0.572541 0.427314 0.539993 0.519103
1.000000 0.404639 0.331446 0.278183 0.586580 0.696858 0.638915 0.725576 0.624297 0.491106 0.507698 0.487528 0.462233
1.000000 0.467048 0.402207 0.267893 0.417039 0.585693 0.625032 0.629569 0.608768 0.520055 0.489583 0.472712 0.484847
1.000000 0.195598 0.195430 0.196335 0.373733 0.676072 0.592246 0.749390 0.651659 0.602455 0.512745 0.478994 0.364090
1.000000 0.324949 0.280522 0.284090 0.262316 0.462444 0.575657 0.694698 0.476735 0.434099 0.474158 0.548648 0.499849
1.000000 0.251108 0.183515 0.172275 0.403276 0.546412 0.616542 0.720089 0.541646 0.513435 0.455085 0.514678 0.374365
1.000000 0.239075 0.166796 0.199141 0.290926 0.432892 0.553836 0.695766 0.612544 0.494780 0.294684 0.333688 0.281181
1.000000 0.218923 0.166793 0.194995 0.422486 0.713547 0.500169 0.656329 0.609436 0.589622 0.474333 0.423047 0.308033
1.000000 0.224479 0.166623 0.196444 0.429318 0.715085 0.486123 0.646201 0.624471 0.615103 0.481615 0.418741 0.309349
1.000000 0.223126 0.161741 0.189671 0.436538 0.775840 0.511475 0.633722 0.608845 0.599384 0.448927 0.416473 0.302346
1.000000 0.254176 0.241801 0.235513 0.497305 0.618316 0.568671 0.739776 0.663217 0.623865 0.624823 0.560945 0.363601
1.000000 0.261950 0.240777 0.262827 0.440945 0.695926 0.674450 0.782049 0.730822 0.633102 0.445234 0.396518 0.297698
1.000000 0.199017 0.240381 0.259139 0.427022 0.582941 0.677298 0.742581 0.721267 0.686033 0.559677 0.553278 0.363128
1.000000 0.260036 0.200516 0.184121 0.220217 0.345861 0.626244 0.533109 0.599809 0.526582 0.558455 0.556362 0.451846
1.000000 0.269863 0.154292 0.154952 0.219676 0.343702 0.686313 0.656396 0.591555 0.464028 0.540803 0.552179 0.432254
1.000000 0.287374 0.216550 0.151311 0.219265 0.352019 0.658010 0.604726 0.566156 0.409040 0.435516 0.475947 0.409103
1.000000 0.247125 0.194972 0.268740 0.281999 0.625389 0.561608 0.839475 0.595107 0.452929 0.574189 0.614945 0.579178
1.000000 0.209743 0.139460 0.151393 0.177638 0.276497 0.530618 0.638253 0.615643 0.412283 0.466758 0.468606 0.398534
1.000000 0.238746 0.196534 0.191201 0.367408 0.457928 0.622415 0.637583 0.659542 0.604377 0.582339 0.546397 0.397441
1.000000 0.399863 0.314763 0.376757 0.442756 0.606433 0.599790 0.769670 0.694721 0.590760 0.711885 0.738394 0.660140
1.000000 0.317864 0.260926 0.294079 0.437561 0.631666 0.650436 0.833461 0.592080 0.539161 0.558664 0.611715 0.632849
1.000000 0.332910 0.276527 0.316881 0.453154 0.634295 0.648466 0.824932 0.640514 0.573686 0.589640 0.630361 0.639683
1.000000 0.237621 0.214551 0.228250 0.189738 0.657627 0.531653 0.632957 0.530546 0.526031 0.501498 0.537144 0.408247
1.000000 0.266882 0.227783 0.245221 0.219369 0.626277 0.449964 0.795963 0.618677 0.521147 0.558341 0.600500 0.556222
1.000000 0.304871 0.231504 0.281959 0.302462 0.640964 0.454022 0.715092 0.563282 0.471461 0.520470 0.535171 0.503411
1.000000 0.281702 0.231924 0.220075 0.579052 0.675566 0.687607 0.753253 0.630598 0.567380 0.505470 0.586319 0.546532
1.000000 0.246036 0.246205 0.212623 0.401875 0.569326 0.520285 0.710469 0.552704 0.469988 0.441388 0.500418 0.436096
1.000000 0.284475 0.242944 0.241079 0.577124 0.603454 0.520187 0.662634 0.614186 0.570367 0.535543 0.622324 0.524864
1.000000 0.253841 0.217056 0.240347 0.404746 0.436256 0.538603 0.688337 0.574286 0.487228 0.435119 0.539302 0.509693
1.000000 0.266533 0.213790 0.268892 0.532601 0.563097 0.620224 0.705514 0.612652 0.538403 0.500778 0.557680 0.489042
1.000000 0.544094 0.561766 0.653777 0.275304 0.763899 0.759528 0.795371 0.637678 0.686043 0.665440 0.646806 0.620960
1.000000 0.445821 0.387758 0.365450 0.340724 0.574707 0.676633 0.712821 0.624426 0.625076 0.600411 0.534755 0.506772
1.000000 0.535685 0.477174 0.428351 0.422812 0.669348 0.757934 0.817191 0.689847 0.630890 0.675965 0.613466 0.609957
1.000000 0.525364 0.437634 0.485015 0.404699 0.691802 0.672945 0.789180 0.612096 0.601137 0.610317 0.575464 0.568848
1.000000 0.225205 0.218208 0.273304 0.253184 0.377669 0.494561 0.709560 0.551250 0.542429 0.593427 0.605361 0.531205
1.000000 0.292776 0.258818 0.219895 0.245351 0.391882 0.527473 0.677076 0.628278 0.525699 0.492796 0.454662 0.376850
1.000000 0.370708 0.277347 0.298867 0.592361 0.648789 0.612978 0.735604 0.719573 0.618728 0.618288 0.586157 0.534368
1.000000 0.299691 0.247220 0.234124 0.333897 0.498066 0.757038 0.816816 0.818421 0.617622 0.599204 0.516311 0.419863
1.000000 0.301748 0.255111 0.265891 0.482137 0.520507 0.623882 0.702099 0.633840 0.576312 0.622829 0.578788 0.552216
1.000000 0.280108 0.228245 0.219492 0.373642 0.586330 0.647604 0.785514 0.784244 0.647503 0.641211 0.572125 0.419924
1.000000 0.286215 0.245720 0.226545 0.364626 0.575522 0.732285 0.747718 0.780620 0.639373 0.642384 0.582686 0.458553
1.000000 0.353445 0.290701 0.297950 0.279868 0.549354 0.782925 0.788762 0.771655 0.745952 0.710775 0.533718 0.401164
1.000000 0.369855 0.350135 0.298118 0.478698 0.598245 0.660019 0.715963 0.661265 0.626716 0.470761 0.569451 0.590419
1.000000 0.463800 0.387616 0.361029 0.599587 0.617287 0.691976 0.707886 0.619143 0.639907 0.526092 0.560098 0.565496
1.000000 0.535419 0.348961 0.349132 0.600808 0.670485 0.696664 0.691080 0.671114 0.645423 0.486079 0.603126 0.577216
1.000000 0.267672 0.197505 0.181936 0.652115 0.704114 0.546492 0.749748 0.690757 0.667373 0.451299 0.469270 0.334107
1.000000 0.267504 0.221263 0.215523 0.349893 0.578158 0.484219 0.774961 0.687041 0.623111 0.483456 0.469504 0.349609
1.000000 0.373771 0.359305 0.285858 0.605567 0.540397 0.701972 0.692083 0.663042 0.680772 0.556936 0.641068 0.556282
1.000000 0.250144 0.265197 0.261242 0.620297 0.610796 0.519474 0.774779 0.662479 0.615497 0.523545 0.610866 0.480472
