# Maize ndvi_mean_0 ndvi_mean_1 ndvi_mean_2 ndvi_mean_3 ndvi_mean_4 ndvi_mean_5 ndvi_mean_6 ndvi_mean_7 ndvi_mean_8 ndvi_mean_9 ndvi_mean_10 ndvi_mean_11
1.000000 0.256256 0.264468 0.329111 0.552132 0.607174 0.651378 0.764179 0.780180 0.740010 0.568730 0.489401 0.346004
1.000000 0.267214 0.240606 0.279354 0.537863 0.511042 0.490049 0.611494 0.626947 0.617274 0.560232 0.506428 0.385538
1.000000 0.227712 0.274321 0.351781 0.614602 0.664618 0.602345 0.634820 0.634631 0.598894 0.607168 0.503996 0.363749
1.000000 0.261742 0.279975 0.249174 0.375134 0.411123 0.642105 0.781343 0.717077 0.772292 0.715084 0.577182 0.380798
1.000000 0.259481 0.243921 0.239347 0.375900 0.593697 0.683742 0.685827 0.705626 0.737668 0.729891 0.601195 0.393470
1.000000 0.167332 0.197499 0.299961 0.336226 0.481750 0.680372 0.686865 0.618179 0.502035 0.398520 0.326803 0.260460
1.000000 0.174151 0.184273 0.276531 0.735602 0.737986 0.578023 0.568527 0.572653 0.393058 0.370914 0.306709 0.251390
1.000000 0.146287 0.184376 0.226572 0.419429 0.556529 0.792354 0.747061 0.486093 0.440381 0.370318 0.295545 0.234392
1.000000 0.174151 0.184273 0.276531 0.735602 0.737986 0.578023 0.568527 0.572653 0.393058 0.370914 0.306709 0.251390
1.000000 0.146287 0.184376 0.226572 0.419429 0.556529 0.792354 0.747061 0.486093 0.440381 0.370318 0.295545 0.234392
1.000000 0.177099 0.174388 0.307848 0.598116 0.764818 0.566026 0.582660 0.539535 0.439504 0.392964 0.300198 0.236818
1.000000 0.163589 0.171590 0.183532 0.172549 0.286503 0.524903 0.465167 0.449228 0.355888 0.293034 0.236141 0.216027
1.000000 0.343207 0.284237 0.331221 0.433533 0.523689 0.427577 0.728613 0.656017 0.663885 0.576063 0.558690 0.372248
1.000000 0.270076 0.275415 0.284982 0.616544 0.632291 0.681397 0.673212 0.525348 0.422249 0.383599 0.318861 0.277701
1.000000 0.261435 0.257278 0.324407 0.660054 0.677854 0.678937 0.568751 0.606324 0.467406 0.424923 0.345545 0.284659
1.000000 0.215911 0.209900 0.240691 0.715654 0.763989 0.726715 0.546704 0.532529 0.359616 0.288162 0.227217 0.217537
1.000000 0.270513 0.256709 0.306315 0.613968 0.521316 0.627290 0.665743 0.569154 0.442137 0.349799 0.325285 0.283051
1.000000 0.209906 0.212728 0.191847 0.470845 0.576252 0.638388 0.607279 0.483006 0.342828 0.279121 0.244586 0.223187
1.000000 0.473136 0.388570 0.385040 0.713549 0.844011 0.869181 0.844128 0.826980 0.766545 0.746429 0.646775 0.555108
1.000000 0.458217 0.370977 0.388850 0.716028 0.827492 0.797608 0.811419 0.826462 0.782125 0.706384 0.630566 0.503037
1.000000 0.241282 0.253096 0.259127 0.272107 0.425600 0.658809 0.709727 0.684826 0.565236 0.406982 0.362914 0.284561
1.000000 0.215228 0.246988 0.237580 0.234793 0.388684 0.604558 0.635604 0.694716 0.617885 0.511480 0.413282 0.305975
1.000000 0.254133 0.249979 0.299787 0.425204 0.613493 0.500777 0.614365 0.554209 0.442109 0.444005 0.339210 0.280458
1.000000 0.229415 0.224216 0.295870 0.383780 0.645640 0.427550 0.555158 0.539675 0.454040 0.459393 0.324301 0.262832
1.000000 0.156164 0.204213 0.274558 0.567560 0.778230 0.796491 0.774079 0.571860 0.311843 0.346311 0.267052 0.238027
1.000000 0.254215 0.251542 0.265534 0.419453 0.523041 0.669290 0.587794 0.507166 0.441335 0.422802 0.410813 0.361305
1.000000 0.313040 0.246516 0.253989 0.325137 0.496274 0.541399 0.700333 0.643012 0.521506 0.684432 0.610085 0.415153
1.000000 0.198605 0.178903 0.243568 0.302239 0.412651 0.660217 0.763757 0.495571 0.384975 0.335372 0.298547 0.274821
1.000000 0.353073 0.309736 0.421461 0.494346 0.760698 0.791941 0.541078 0.599231 0.602284 0.554367 0.440209 0.448610
1.000000 0.372541 0.365358 0.350764 0.500634 0.582872 0.780393 0.743941 0.688038 0.620640 0.606115 0.539809 0.467747
1.000000 0.372541 0.365358 0.350764 0.500634 0.582872 0.780393 0.743941 0.688038 0.620640 0.606115 0.539809 0.467747
1.000000 0.179113 0.165482 0.183632 0.245851 0.462104 0.645637 0.287864 0.284585 0.271540 0.210659 0.213955 0.209890
1.000000 0.212387 0.206099 0.210873 0.389447 0.510176 0.657254 0.518202 0.530335 0.400115 0.340870 0.298678 0.280211
1.000000 0.359344 0.277899 0.299427 0.381652 0.600389 0.810857 0.795211 0.793744 0.705306 0.609127 0.520240 0.433908
1.000000 0.349146 0.361018 0.330489 0.291088 0.529375 0.815085 0.824053 0.805351 0.751244 0.664394 0.541521 0.468162
1.000000 0.218867 0.294296 0.310191 0.414574 0.334094 0.400142 0.669351 0.781746 0.548896 0.403470 0.334916 0.305491
1.000000 0.179301 0.175740 0.135260 0.169904 0.268643 0.632040 0.736279 0.613365 0.524953 0.431899 0.340997 0.289105
1.000000 0.188214 0.260422 0.243383 0.218690 0.579596 0.716366 0.733957 0.671311 0.569429 0.413634 0.336104 0.280654
1.000000 0.264856 0.239641 0.249030 0.390209 0.665018 0.768273 0.763842 0.729619 0.651744 0.549682 0.429437 0.328252
1.000000 0.340809 0.396599 0.377926 0.465347 0.585579 0.766363 0.723000 0.559127 0.616126 0.465736 0.347011 0.347135
1.000000 0.317119 0.282321 0.291082 0.377896 0.613761 0.672382 0.671121 0.639246 0.628689 0.610664 0.494238 0.413028
1.000000 0.364813 0.292944 0.343030 0.429362 0.374600 0.666173 0.824853 0.802353 0.759007 0.590673 0.549677 0.428778
1.000000 0.253659 0.218091 0.218203 0.383710 0.486364 0.576019 0.725529 0.628914 0.539945 0.424868 0.298545 0.240765
1.000000 0.328535 0.308102 0.259634 0.304645 0.641978 0.646960 0.641362 0.684498 0.643067 0.577083 0.464109 0.370975
1.000000 0.203351 0.187661 0.161899 0.165381 0.291526 0.536428 0.602068 0.563618 0.480046 0.377232 0.309386 0.262418
1.000000 0.224825 0.225281 0.217268 0.156098 0.412415 0.560675 0.621971 0.569482 0.489465 0.412569 0.349943 0.309116
