# Sesame ndvi_mean_0 ndvi_mean_1 ndvi_mean_2 ndvi_mean_3 ndvi_mean_4 ndvi_mean_5 ndvi_mean_6 ndvi_mean_7 ndvi_mean_8 ndvi_mean_9 ndvi_mean_10 ndvi_mean_11
1.000000 0.448706 0.354276 0.465123 0.729599 0.704720 0.626711 0.744654 0.748101 0.771007 0.752936 0.686383 0.521938
1.000000 0.349772 0.347557 0.397041 0.684286 0.629800 0.630146 0.751186 0.794280 0.799221 0.649120 0.624437 0.571095
1.000000 0.221789 0.204299 0.198337 0.172829 0.366078 0.609162 0.739659 0.644641 0.500393 0.355170 0.299106 0.232517
1.000000 0.507381 0.397303 0.431143 0.725130 0.788645 0.742516 0.778041 0.713757 0.734654 0.724313 0.666352 0.536451
1.000000 0.469667 0.382684 0.478679 0.740413 0.731195 0.648688 0.702074 0.717865 0.746467 0.720475 0.651882 0.522482
1.000000 0.247462 0.214898 0.313983 0.475202 0.664915 0.718080 0.778673 0.814541 0.818403 0.786883 0.672236 0.478978
1.000000 0.204766 0.219556 0.223903 0.255386 0.450964 0.555367 0.557128 0.504027 0.391683 0.296947 0.252515 0.202539
1.000000 0.271444 0.242073 0.232055 0.420361 0.409326 0.731817 0.685778 0.651269 0.529400 0.454529 0.354655 0.308022
1.000000 0.343136 0.343796 0.424654 0.727321 0.734056 0.649807 0.635883 0.615240 0.674531 0.657777 0.551892 0.470327
1.000000 0.422648 0.350396 0.324272 0.704528 0.775766 0.616304 0.731378 0.710720 0.733220 0.650270 0.602003 0.501618
1.000000 0.360908 0.311766 0.496961 0.432652 0.404642 0.463826 0.746289 0.732923 0.716918 0.693587 0.628711 0.538490
1.000000 0.258145 0.279886 0.355532 0.614490 0.625002 0.551080 0.557064 0.658256 0.627737 0.591512 0.498437 0.439975
1.000000 0.342644 0.261006 0.325405 0.536331 0.790622 0.809360 0.675106 0.694239 0.753444 0.675832 0.510848 0.395736
1.000000 0.311485 0.246153 0.304407 0.695305 0.818746 0.808062 0.802038 0.754909 0.704017 0.634431 0.547954 0.421442
1.000000 0.265020 0.263929 0.338617 0.471369 0.515105 0.599213 0.621847 0.629202 0.625502 0.537026 0.439823 0.361519
1.000000 0.273655 0.227662 0.278364 0.655451 0.738369 0.754576 0.760653 0.680187 0.609940 0.562744 0.465238 0.352467
1.000000 0.330074 0.329339 0.383540 0.603921 0.299358 0.551280 0.706540 0.684440 0.661421 0.617434 0.629170 0.523567
1.000000 0.266902 0.266539 0.355150 0.590932 0.646546 0.675381 0.708942 0.686858 0.655205 0.588270 0.474921 0.352916
1.000000 0.494212 0.402398 0.323059 0.677528 0.810220 0.737932 0.799202 0.813005 0.738650 0.688791 0.615463 0.517251
1.000000 0.422410 0.346426 0.311529 0.633741 0.674273 0.675118 0.684698 0.770375 0.744153 0.699629 0.626734 0.452242
1.000000 0.285138 0.254359 0.310093 0.466189 0.637195 0.711514 0.753230 0.705887 0.619530 0.581405 0.486561 0.367444
1.000000 0.267134 0.243416 0.265642 0.604550 0.574541 0.501292 0.535020 0.586496 0.541757 0.493247 0.396913 0.347681
1.000000 0.257763 0.339348 0.398967 0.605863 0.622677 0.671054 0.655798 0.486555 0.446807 0.420232 0.424104 0.369531
1.000000 0.315554 0.236401 0.299109 0.600947 0.707396 0.764307 0.879025 0.868318 0.859507 0.793582 0.699219 0.464408
1.000000 0.256872 0.374475 0.484332 0.696126 0.701262 0.703600 0.653174 0.475990 0.490554 0.468705 0.468452 0.396816
1.000000 0.359789 0.317778 0.314778 0.469783 0.560763 0.730984 0.708946 0.679411 0.621600 0.595024 0.540587 0.481960
1.000000 0.277053 0.223656 0.232016 0.343610 0.386766 0.561607 0.599391 0.521459 0.532008 0.466784 0.393268 0.330763
1.000000 0.227966 0.331237 0.417375 0.568245 0.587854 0.631678 0.465108 0.407116 0.411382 0.413014 0.419570 0.349365
1.000000 0.285786 0.216852 0.407003 0.681178 0.782579 0.811506 0.817235 0.760851 0.698518 0.693398 0.638003 0.526740
1.000000 0.292213 0.258647 0.291014 0.555163 0.611018 0.688365 0.686969 0.571017 0.442598 0.457462 0.378189 0.362542
1.000000 0.388548 0.329376 0.308416 0.762759 0.642698 0.758634 0.761325 0.818395 0.746897 0.770711 0.675460 0.532688
1.000000 0.359358 0.305067 0.321900 0.792917 0.777104 0.799131 0.816443 0.781595 0.668341 0.571936 0.467826 0.406168
1.000000 0.288834 0.259977 0.252890 0.323123 0.590399 0.379002 0.575551 0.697171 0.556257 0.598884 0.506092 0.408014
1.000000 0.268937 0.287127 0.345333 0.418358 0.485269 0.535702 0.779587 0.786091 0.736727 0.610219 0.438073 0.365847
1.000000 0.306594 0.277153 0.304601 0.383555 0.595096 0.870762 0.832975 0.809413 0.715817 0.590314 0.511939 0.428627
1.000000 0.271842 0.244716 0.232932 0.309740 0.567007 0.378707 0.541395 0.698971 0.575219 0.593584 0.490223 0.401455
1.000000 0.409810 0.354715 0.387706 0.716654 0.809012 0.807343 0.845334 0.811025 0.676999 0.588811 0.550732 0.453333
1.000000 0.300732 0.298000 0.232361 0.266067 0.532562 0.662003 0.742856 0.761727 0.709092 0.613958 0.463614 0.399625
1.000000 0.330127 0.290644 0.331702 0.699915 0.748925 0.791181 0.834434 0.812913 0.667842 0.601568 0.510200 0.447999
1.000000 0.230860 0.256372 0.251438 0.335023 0.387459 0.531470 0.554897 0.610885 0.532842 0.472564 0.366756 0.333389
1.000000 0.268611 0.272743 0.297582 0.410368 0.509007 0.730278 0.811570 0.818906 0.797049 0.802399 0.626903 0.430981
1.000000 0.216880 0.202340 0.244666 0.449293 0.495203 0.567706 0.533502 0.475338 0.392270 0.332672 0.287849 0.249892
1.000000 0.214414 0.238184 0.275042 0.242010 0.505101 0.652401 0.746613 0.625263 0.444829 0.415620 0.350336 0.284002
1.000000 0.302653 0.268586 0.218762 0.426302 0.475001 0.420929 0.585790 0.648157 0.444300 0.419359 0.383672 0.327799
1.000000 0.152667 0.178701 0.179014 0.229961 0.355104 0.527173 0.665003 0.665817 0.491892 0.391522 0.325613 0.255248
